0.7540754576186149
0.004561760863236373
0.007777105466795077
0.005082895726457954
0.005410095711503611
0.004955353055930872
0.004911475549595039
0.006379925075763893
0.005087118537663389
0.004815778896490214
0.013591756500664106
0.004053536239289625
0.005200805099527557
0.005133042352696643
0.005437910828585079
0.005426716545079495
0.007846970686787247
0.00908761771195699
0.009650909163657417
0.01616431245069975
0.008732600492930027
0.007511807104462801
0.00597518773156462
0.006953968338311478
0.006032286382319486
0.006560803725446709
0.006424673528239884
0.006427897852821804
0.006063893978830631
0.006675201017455726
0.007820345961321756
0.006737922463581785
0.006546054882559786
0.006691290134210229
0.007046023051390472
0.007241756018733987
0.007166446648445834
0.007042774583658623
0.007525347162690603
0.007136487317254366
0.007148580131884409
0.006964056699629942
0.0068250067347539675
0.007675935191892129
0.008161503312286858
0.008170749342099094
0.0072865249419514335
0.006901593999216251
0.007205661751540691
0.00732301965011473
0.008411472395106452
0.008417355036676219
0.008286341375698789
0.00831558374283934
0.008342496856645221
0.008557828464784816
0.008173853686472653
0.007885618681312271
0.008402148361983426
0.007786574577557464
0.008244841005077596
0.007687632065576553
0.006557674294666507
0.006343992305807903
0.006193810970498226
0.005614910612063337
0.0060082564055286905
0.0057716205350792395
0.005475383051588681
0.005660923752614055
0.005367870815194869
0.005181708146658573
0.005967779821237965
0.005837641594586013
0.005952106862527958
0.005701200593243823
0.006948046405051117
0.005254193594120002
0.005433370081790714
0.005252454918241956
