0.2056084310628876
0.11774288593462931
0.1134974348199478
0.10033464513880826
0.08800726684192083
0.07808511454989109
0.0622126599142372
0.062116856028139815
0.05354848053718861
0.0546132888983862
0.04777071444722799
0.04123089826968322
0.03891606184456303
0.03444369655030894
0.03361328001406483
0.03159207823938029
0.02893985744109292
0.028304992632502805
0.0249029783011699
0.0216360486998773
0.020352364036345147
0.018990609040152973
0.017588418473095564
0.016506438322558166
0.016348552982573115
0.015774751662769634
0.013679999810625364
0.01315475542125927
0.012833086503376204
0.01231352957643718
0.011308502254261128
0.01012131622334939
0.010870097207295763
0.010717258193889277
0.01050281993609771
0.01038621881287164
0.011060038706775088
0.009818594816681759
0.010549899867430367
0.010661849142752644
0.009970024179872973
0.00926772892108406
0.010077349609779586
0.009116737997869469
0.009544678864587361
0.009799632382049193
0.008460593042771549
0.009610446983570116
0.008735403132319621
0.00909330060308779
0.008306079342851626
0.008452563951175617
0.00755209929653345
0.008280136393385389
0.007251252582509151
0.007569875127959081
0.007466321873710273
0.007793365731627465
0.0071828439038428985
0.008224722727981564
0.008718293933911048
0.007915591756329277
0.007779050529999926
0.007510864427646054
0.007573527264281823
0.007848459020814609
0.008060221486466396
0.007579422569698284
0.006969659464934244
0.007146934832743802
0.006592089488159762
0.007942955161403479
0.008100177922285375
0.007088751363945685
0.009055927861072097
0.009699505836766308
0.008620616756737526
0.008013682480044375
0.007489473769857846
0.007269203708930423
