0.20630497265704162
0.12050952379657275
0.11905708956921461
0.10192569206863607
0.09662287416102258
0.08571268422141823
0.06763236963404996
0.05376463144874286
0.04773719231034875
0.04116457029186478
0.03334944568969859
0.02934761941660998
0.026564388604725698
0.02419446336883403
0.021624458042824025
0.02077406142808261
0.0217246203246539
0.021916241071635704
0.019981388699574918
0.019963579823909502
0.01889337505554839
0.01721769863874733
0.01655539975289287
0.015830349996596767
0.014958325820878799
0.01463882716965367
0.014300854228539925
0.013501232870723353
0.013508474185914889
0.012534697217296296
0.011561018157099388
0.011716248399208663
0.010466940515314717
0.011178172457872572
0.011945523363070606
0.01057398357417746
0.009959083937423037
0.009725023009505165
0.009997200707422443
0.009362421846352586
0.009714512991195948
0.00930777340448798
0.00932135253316076
0.00785401817875636
0.008321170181412759
0.008299736524923471
0.008042420619295903
0.007328018900386525
0.006943393639742317
0.006792724516298272
