0.28364565973714295
0.18281164550240486
0.17758521150487783
0.15602988337984863
0.15073878180876935
0.1384665658290918
0.1355243357352329
0.12816466651688857
0.11797714554979419
0.11486809343670087
0.09209367571069244
0.09761712283031923
0.09327575211858315
0.08760034576896786
0.08385761115103564
0.08136684935522563
0.07773611218844854
0.07518512607540435
0.0765143694671545
0.07112626915088582
0.07017649511725399
0.06777080300393204
0.06620986302219643
0.06241710014020708
0.05981141194843373
0.05673896198753924
0.0544793719943068
0.04970484864945648
0.04894952207581554
0.04711798302853009
0.045624598911470075
0.04369891848921146
0.04366757370809709
0.04294890251178208
0.04333430405273069
0.042523741146571904
0.041863994288055845
0.041741163304049256
0.041963486190483665
0.0424179428073841
0.04290792318988686
0.045619569353717165
0.04345441438175247
0.0446967020884028
0.04157303592224038
0.04194674254570959
0.03978381047354983
0.03925654453986513
0.03855268503568628
0.03854743199484397
0.038087186508924696
0.0380552501608459
0.03798926021077649
0.03786100342350657
0.03726136940482252
0.03803382066389045
0.03761110540460365
0.03832314653388534
0.0390940948814715
0.03969907608241869
0.03911459092719538
0.03991900045825898
0.0478175981585816
0.04556367851817268
0.04067684716878449
0.041317133147580815
0.04014420972626677
0.039843130795682
0.04090730573764573
0.03893316100589473
0.04013150503412543
0.0414339243217537
0.03961525046984279
0.038547897206856405
0.03820912037824792
0.040246626088757974
0.04130551998115635
0.04020296091039243
0.0430322444023288
0.04173489600911733
