0.3010141652851282
0.09666137493763982
0.0813226482807756
0.06732594003443479
0.051497578968120905
0.04535797556099519
0.035845596988777616
0.030746852750652535
0.025163745807430558
0.023178995557613408
0.020355660803014843
0.017897012303299764
0.017169802590574317
0.01634763062674897
0.01304959701677471
0.01280453204152262
0.013420543274924193
0.013022701270419806
0.011810255286579896
0.01109230566989514
0.010910911055599265
0.010350585825789254
0.009717301416093184
0.009174530478117596
0.008513753438255051
0.00830741592569844
0.00795550421278789
0.007491254263390943
0.007369203981376901
0.0071662224730703415
0.007035386574504219
0.00698633267091599
0.006691038820533219
0.006419896464094429
0.00654972114236702
0.006160377047408717
0.006132232295487891
0.0061370779474530105
0.005753608277435742
0.005732480953094204
0.005675287569242943
0.005398723272948086
0.00541299192145767
0.005451145070070791
0.005400579745528454
0.005211703993967374
0.005090820663971501
0.005204633707779627
0.005642663689805131
0.004983714876079601
0.005696470328429837
0.005071001522865427
0.0047129260277979
0.0053628801621641185
0.005239830317519995
0.0052106832529468525
0.005463833058733205
0.005008524685519071
0.005205618874851075
0.004845606336912121
0.004960155234141063
0.004906115580967833
0.004535700228342376
0.004682318832268812
0.004656928588359318
0.004670332358643275
0.004923290047943974
0.004592120024452112
0.004590990930435908
0.004868515161019678
0.004525352984447766
0.004572624199660486
0.004630874581329027
0.004511901449499899
0.0044271754064620075
0.00490941779757854
0.004420759885102886
0.004315852399630627
0.00420375670664633
0.004346804342925272
