0.2099671185721894
0.116139421129785
0.1300450106216542
0.11464779481267956
0.10877565896829418
0.08050827396194692
0.08001379409985522
0.06412856114658437
0.058279041811386635
0.05093886507440097
0.04075766675398841
0.03740147181654972
0.03331151652735976
0.029616031643802273
0.026306638931999027
0.025135327179511308
0.022982547577154705
0.020991714196415764
0.019282803597079415
0.018828127444391364
0.017638631318196003
0.01704016463012753
0.016615160743850194
0.01597569593731262
0.014642424887396189
0.015090033776427309
0.01487096323023425
0.014310286975088541
0.0151338363682029
0.014681944281461707
0.014135385142493543
0.013556716016443501
0.012666515118127686
0.012744198752703658
0.012323487986948052
0.012163375462295418
0.011894332352468983
0.010455594569825607
0.01082868916487578
0.010795250128292333
0.010498573944882982
0.00981406974641451
0.009018792574434135
0.008385117382949869
0.008931448313143438
0.010255377817356259
0.010490608821441557
0.010499145153778429
0.01089574214926706
0.009773527438826712
0.009157488800617003
0.00953497947466451
0.008813827603974894
0.00860399312209849
0.007959351275103176
0.008027409513292689
0.007691726905229096
0.007426343753733826
0.007789042567609618
0.00770950534003816
0.0069214839374394784
0.007144107505765311
0.007725400888280241
0.006337905873590178
0.007876997962472999
0.0071607221143495554
0.010339815702575125
0.006783391670501863
0.008536490283788055
0.007067995348775193
0.00761588031940746
0.008205690199774202
0.00805299556247913
0.009596228895264314
0.008046236213233861
0.008841330907670421
0.008341974337578493
0.008068470707613181
0.008519334475600243
0.008140211903279163
