0.20630497265704162
0.12050952379657275
0.11905708956921461
0.10192569206863607
0.09662287416102258
0.08571268422141823
0.06763236963404996
0.05376463144874286
0.04773719231034875
0.04116457029186478
0.03334944568969859
0.02934761941660998
0.026564388604725698
0.02419446336883403
0.021624458042824025
0.02077406142808261
0.0217246203246539
0.021916241071635704
0.019981388699574918
0.019963579823909502
0.01889337505554839
0.01721769863874733
0.01655539975289287
0.015830349996596767
0.014958325820878799
0.01463882716965367
0.014300854228539925
0.013501232870723353
0.013508474185914889
0.012534697217296296
0.011561018157099388
0.011716248399208663
0.010466940515314717
0.011178172457872572
0.011945523363070606
0.01057398357417746
0.009959083937423037
0.009725023009505165
0.009997200707422443
0.009362421846352586
0.009714512991195948
0.00930777340448798
0.00932135253316076
0.00785401817875636
0.008321170181412759
0.008299736524923471
0.008042420619295903
0.007328018900386525
0.006943393639742317
0.006792724516298272
0.007052223861347177
0.008315403104537187
0.007827885273162164
0.006975569638122377
0.006638754543407584
0.0071435620585020435
0.007555241434388477
0.007388831341958906
0.007468991864753391
0.007088209542439521
0.007428223244962463
0.007635103294001431
0.008665961072413533
0.006930807049680315
0.006546102003089364
0.006647029246175888
0.0063168478855676466
0.006417481162299027
0.005768027458597398
0.006019770022341299
0.006274133213728953
0.006239440850318205
0.006027822015491551
0.006923735654243475
0.00840789689675544
0.007268757367104878
0.007173212350663998
0.006100923799666468
0.007301613570130847
0.006212093444564534
