0.4774678671361057
0.008993123869173909
0.00903871045893496
0.008190500119730168
0.008089532754187629
0.00814049171136378
0.009254210675982904
0.013240652539504632
0.010935871187902613
0.0059475411006145425
0.008951008803066523
0.005920378001432748
0.00578850433951889
0.007638801679955529
0.0054508711328229735
0.0067976672876575335
0.005307732243925306
0.008159843166802407
0.009402060232704698
0.00759968433934536
0.008089382025453807
0.006333241066991534
0.005841270878482427
0.007725838876081269
0.013694757007903425
0.008903762676725241
0.007658029323623937
0.007051278438985812
0.007068039789747644
0.01441480442479419
0.01121626755673307
0.007609746309387569
0.006929868412890857
0.0070466678317577846
0.0073725175033619965
0.006768018089383515
0.006311394714858161
0.006706395726877535
0.007409468156697755
0.007199379127959314
0.007498607806244955
0.007897421391254374
0.009223013027834346
0.007289111813300582
0.007949656989299293
0.012578288773887218
0.011266915709841323
0.012544302130148729
0.014936842596514932
0.011824748348910702
0.011698115156726575
0.008216605423651862
0.007549807243816167
0.00740409211744907
0.006952997710580354
0.00813382012949573
0.0069535856096947825
0.006698715464738082
0.006373173845289142
0.011979825630929239
0.010159854863269426
0.007804058117274217
0.008055653881784391
0.007588000251406384
0.007768049443191406
0.008032914951427843
0.00910510174266663
0.008622908443235542
0.007190621126889631
0.006749142279880925
0.006518868715755236
0.011316075745542529
0.00955585051777179
0.006512644920531876
0.010333459985825416
0.008406659847358834
0.01062361528684817
0.009400253757624741
0.006735095972123422
0.00620024085206749
