0.17097469130076515
0.0813359276421058
0.07015154087914904
0.05761956753573898
0.0474564065319649
0.036048348478136746
0.03337492554793919
0.02671295917093801
0.02504444937242573
0.020272440464500902
0.018020029328443987
0.017453746038306434
0.015970371105987154
0.015536225133317929
0.015023378194596057
0.013659826026751757
0.012895550710433558
0.011162067624430935
0.010093011178184057
0.00923576915145483
0.008943314277177624
0.008917888591530795
0.008610801843009948
0.008070684383382971
0.007467670324868232
0.007404814035995438
0.006808205524712391
0.006769284303111228
0.006815346833902577
0.006715218713317267
0.006372366969661295
0.006454481549173837
0.006249864770266133
0.005306696389595829
0.00614867980536581
0.005265088940501984
0.0048993691111461875
0.005106660851310206
0.0048631042441457046
0.005880827495693556
0.004388191398192029
0.004476477055844341
0.004913778050379756
0.004618057501900911
0.00454088561654165
0.004586214994987944
0.004385900954020056
0.004351785973873458
0.004431051911291766
0.004417206936487856
0.0040394752186047825
0.004363626051581512
0.0047531345589821436
0.004051367995518752
0.004163763442988529
0.004175828684242002
0.004376812098292147
0.0037740252621670184
0.005410047253380871
0.0037879768310239057
0.004033535133609439
0.004533731442230801
0.004080510602871593
0.00429428068471504
0.003927841654726994
0.0037354772885379514
0.0045709763891583766
0.003832630591840304
0.004137833655457612
0.0041625934239485065
0.004820060847517173
0.004184752369481441
0.004220604743575942
0.0041523982039138145
0.004046062738068161
0.003856571787011483
0.0039437241243390495
0.0037149203494009834
0.004529222614997929
0.0047925734992019095
